1741223987899 0.43593742656776197 0
1741223987925 0.42902937597647645 1
1741223987945 0.4244027498451817 2
1741223987955 0.42110822506195283 3
1741223987975 0.4185893189060291 4
1741223987986 0.41667740513810836 5
1741223987995 0.4152248811778755 6
1741223988015 0.4139530475764777 7
1741223988028 0.4128910126529423 8
1741223988036 0.41203603254473514 9
1741223988045 0.41119779149728386 10
1741223988060 0.4105440078364602 11
1741223988075 0.41000593555210396 12
1741223988087 0.40953645105807585 13
1741223988098 0.4091194011301013 14
1741223988109 0.40875407650689544 15
1741223988119 0.408426876712422 16
1741223988132 0.4081742650109125 17
1741223988140 0.4079432902983792 18
1741223988151 0.4077402000543997 19
1741223988165 0.4075254804476328 20
1741223988175 0.40724762840009043 21
1741223988184 0.4070402153219276 22
1741223988192 0.4068602907127626 23
1741223988202 0.4067066001185173 24
1741223988206 0.40654185582438784 25
1741223988215 0.40642081087233456 26
1741223988231 0.406247805690221 27
1741223988239 0.40611910543230517 28
1741223988247 0.40596624894462946 29
1741223988255 0.40586042528161725 30
1741223988265 0.40568266143569326 31
1741223988275 0.40557273344915895 32
1741223988280 0.4054435698125637 33
1741223988288 0.4053735325973502 34
1741223988300 0.40531170732890626 35
1741223988310 0.4051768915016338 36
1741223988319 0.4050622303274221 37
1741223988328 0.4049535513850018 38
1741223988336 0.404838065917455 39
1741223988345 0.40475090754176263 40
1741223988352 0.40464364448820844 41
1741223988360 0.40455900679393486 42
1741223988368 0.40446411281730527 43
1741223988376 0.4043817875890602 44
1741223988385 0.4043097863386913 45
1741223988392 0.4042430809510996 46
1741223988400 0.40419645733812126 47
1741223988408 0.4041327777424521 48
1741223988416 0.4040668460743103 49
1741223988422 0.40399767776376927 50
1741223988425 0.4039477796694984 51
1741223988435 0.403897634805233 52
1741223988445 0.40384579850644137 53
1741223988455 0.4037980155415872 54
1741223988463 0.4037301377880278 55
1741223988465 0.4036811063774721 56
1741223988475 0.40360055556734376 57
1741223988485 0.4035665977832928 58
1741223988495 0.40351959736994697 59
1741223988498 0.40346902722563566 60
1741223988506 0.4034209032968966 61
1741223988515 0.40338774494017693 62
1741223988526 0.4033468745108182 63
1741223988532 0.40329993891632976 64
1741223988540 0.403270161331322 65
1741223988549 0.4032217272382602 66
1741223988557 0.40318491253942706 67
1741223988565 0.4031478449310021 68
1741223988573 0.40310248556243594 69
1741223988581 0.4030697274764544 70
1741223988587 0.4030356010625361 71
1741223988595 0.40301031023994494 72
1741223988598 0.4029503909925064 73
1741223988608 0.4028996725102864 74
1741223988618 0.40286956180508227 75
1741223988626 0.4028343509251622 76
1741223988635 0.40280678757214006 77
1741223988639 0.4027707203076855 78
1741223988649 0.402745205175178 79
1741223988659 0.40272044250560746 80
1741223988665 0.4026601476344614 81
1741223988675 0.40262988866791716 82
1741223988680 0.40259777878434166 83
1741223988690 0.4025615187104612 84
1741223988695 0.4025278413921546 85
1741223988705 0.4025058984559166 86
1741223988711 0.40248041068894136 87
1741223988719 0.4024420940382409 88
1741223988728 0.4024020649547639 89
1741223988735 0.4023663718243909 90
1741223988743 0.4023307065990599 91
1741223988751 0.4022888885631994 92
1741223988760 0.4022709092800392 93
1741223988768 0.4022402787424966 94
1741223988776 0.4022203894106148 95
1741223988784 0.4021768918225073 96
1741223988793 0.40215344315874324 97
1741223988799 0.4021357722379805 98
1741223988808 0.40211349436164545 99
